0.839
[[ -1.88463868e-01   8.14776435e-02   1.21861492e+00  -1.42520348e+00
   -5.10174085e-04  -6.08744779e-01   3.00523039e+00   1.88731759e+00
   -1.02142556e+00  -2.74850001e+00  -3.41748051e+00   2.19063766e-02
    1.01851889e+00   1.75953973e+00  -5.36596594e-01   3.24346392e-01
    1.83744731e+00  -2.67365346e+00   1.46260577e-03   5.29686285e+00
    3.13947835e+00  -2.19954235e+00  -1.20484162e+00   2.83155151e-01
   -3.10391817e+00  -1.24488035e+00   3.03181282e+00   1.28335832e+00
   -5.92171946e+00  -3.95891111e-01   2.91896678e+00  -2.94588327e+00
    6.54370672e-04   1.29098150e+00   2.45847189e+00   1.23998513e+00
    8.36251876e-01  -1.79059038e+00  -2.02394122e+00  -3.03585826e+00
   -1.28011673e+00   4.55490642e-01   1.20909110e+00]
 [ -1.04154065e+00  -1.52944932e-01  -1.02532233e+00   2.49947505e+00
   -3.03303876e-03   3.38035167e-01  -4.76765527e-01  -4.22460288e-01
   -5.02316220e-01  -1.35107614e+00  -9.87085180e-01  -2.78839992e-01
    2.82691714e-01  -2.47418463e-01   1.50339553e-01  -2.44401814e-02
   -1.70481964e+00   3.91665517e+00  -1.34241966e-03  -3.28409482e-01
   -4.53744598e-01  -5.32541336e-01  -6.88462257e-03  -1.53987882e+00
   -1.33916947e+00  -6.33082268e-02  -1.03544543e+00   6.70080411e-02
    1.73747857e+00   2.65588640e-01  -5.53865376e-01   1.44737156e+00
    6.29888104e-04  -2.27512707e-01  -1.35219272e+00  -1.72790734e+00
   -6.90421694e-02  -1.18365585e+00  -2.09235764e+00   5.32629464e-01
    1.39495128e+00   9.79685662e-01   2.50506652e-01]
 [ -7.70587936e-01   2.95818003e-02   9.74436076e-01  -1.81465800e+00
    1.18153472e-03  -1.45531002e+00  -1.28555577e+00   5.55709725e-01
    5.82783737e-01   1.98427127e+00   2.66204205e+00   1.31908478e+00
   -9.37965727e-01  -4.70181033e-01  -7.92762679e-01   2.15439596e-02
    4.35094174e+00  -4.35700027e+00  -1.38460218e-03  -1.67700592e+00
   -5.36424240e-01   1.14154736e+00   2.32110736e-01   1.10331307e+00
    2.68674752e+00   1.47104985e+00   8.70291365e-01  -2.96322103e-01
   -2.83319132e+00  -2.16775387e-01  -1.61909523e-01  -1.63638299e-02
   -3.79297971e-04  -1.34977240e+00  -4.70943151e-01   2.47441373e+00
    1.21162397e+00   1.56340603e+00   2.15499340e+00   1.68200442e-01
   -9.54413669e-01  -1.27842572e+00  -1.35696630e+00]
 [ -1.08604086e+00  -1.47712267e-02   3.45748760e-01  -2.48475813e-01
   -1.44903873e-03  -1.52113195e+00  -9.90674058e-01   4.13179040e-01
    1.42839550e+00   1.15152369e+00   1.30057959e+00   7.33812393e-01
    4.29947406e-01  -3.16787856e-01  -1.21878310e+00   4.03724422e-01
    2.78547485e+00  -3.13657422e+00   4.71601377e-04  -1.86417631e+00
    6.43795336e-01   4.39388854e+00   2.98800681e+00   5.79743265e-01
   -1.99022822e-01  -1.09750993e+00  -1.21255365e+00  -4.89575423e-01
   -2.33253516e+00   1.21351693e-01  -1.60167793e+00   2.66876601e+00
   -1.82722075e-03  -1.00828341e+00  -2.16073187e+00  -1.91301096e+00
    7.56799628e-01   2.19975362e+00   3.55673395e+00   2.67143017e+00
   -2.26883145e-01  -1.26427719e+00  -1.20147014e+00]
 [  6.28789582e-01   2.76188973e-01  -1.09178712e+00  -6.80589503e-01
   -2.81118465e-03   2.56800134e-01   5.62559357e-01  -4.07427450e-01
   -6.93717904e-01   1.28741816e-01   2.41650902e-02   2.80857081e-01
   -2.48549753e-01  -2.13034653e-01  -3.82488219e-02  -8.31103654e-01
   -1.71670023e+00  -1.30932660e+00  -5.84525530e-03  -7.47799778e-02
    8.76745979e-01  -2.55797671e-01  -7.21050822e-02   4.25287864e-01
   -1.29514416e-01  -9.50720239e-01  -5.39576693e-01  -1.46879860e-01
    5.19484992e-01   3.22816804e-01   2.65296677e-01   7.52639261e-01
   -1.99516479e-03   5.31908096e-02  -5.02570127e-01   2.77076145e-01
    1.10836637e+00   3.53024355e-01  -4.52195161e-01  -8.14612534e-01
   -2.12803677e-01  -3.55751117e-01   1.98419835e-01]
 [ -6.26136234e-01  -2.39639844e-01   3.13091484e-01   3.01692590e-01
   -5.80237276e-04  -4.24384140e-02   6.29388062e-01   6.64490642e-01
    2.85792405e-01  -4.11554318e-01  -3.36607943e-01  -2.42349002e-01
    8.90910184e-02   4.95995438e-02  -1.02361331e-02   9.44379573e-01
   -1.83087710e+00  -1.28046612e+00   3.36494698e-03  -2.74492749e-02
   -5.11277217e-01   1.63775989e-01   4.45804335e-01  -7.71454228e-01
   -3.77982324e-01   9.41850342e-01   5.84293502e-01   2.63199451e-01
   -3.55847145e-02  -1.96584476e-01  -3.42208588e-01   3.03316489e-02
   -3.46461266e-04   2.27029251e-01   1.15282269e+00  -2.64820348e-01
   -1.43219365e+00  -5.34297295e-01   2.51128578e-01   5.69110094e-01
    2.99775612e-01   2.72629830e-01   1.33991095e-01]]
